1457640541.888088 2.4
1457640542.832252 2.4
1457640543.836004 2.4
1457640544.834567 2.4
1457640545.837758 2.4
1457640546.836174 2.3
1457640547.839762 2.4
1457640548.837829 2.4
1457640549.837118 2.3
1457640550.838875 2.3
1457640551.837508 2.4
1457640552.841509 2.4
1457640553.839468 2.4
1457640554.839219 2.4
1457640555.841766 2.4
1457640556.841137 2.5
1457640557.843856 2.6
1457640558.842909 2.6
1457640559.845248 2.7
1457640560.844112 2.7
1457640561.842991 2.8
1457640562.845283 2.8
1457640563.844044 2.9
1457640564.847503 2.9
1457640565.845672 2.9
1457640566.845551 2.9
1457640567.848437 3.2
1457640568.846532 3.7
1457640569.849065 4.1
1457640570.847940 4.5
1457640571.846694 4.8
1457640572.849193 5.1
1457640573.847824 5.3
1457640574.848287 5.4
1457640575.849324 5.5
1457640576.848829 5.6
1457640577.852336 5.6
1457640578.850790 5.6
1457640579.849091 5.7
1457640580.852178 5.7
1457640581.850338 5.7
1457640582.849759 5.7
1457640583.852561 5.7
1457640584.850440 5.6
1457640585.850196 5.6
1457640586.852743 5.6
1457640587.850622 5.5
1457640588.849831 5.5
1457640589.852337 5.5
1457640590.850630 5.5
1457640591.849517 5.5
1457640592.853138 5.5
1457640593.851645 5.5
1457640594.850101 5.5
1457640595.852394 5.4
1457640596.851858 5.4
1457640597.851491 5.4
1457640598.853494 5.4
1457640599.851917 5.3
1457640600.850584 5.3
1457640601.852750 5.3
1457640602.851504 5.3
1457640603.851804 5.3
1457640604.853051 5.3
1457640605.852139 5.2
1457640606.850430 5.2
1457640607.854182 5.2
1457640608.851310 5.2
1457640609.851728 5.2
1457640610.854026 5.2
1457640611.852196 5.2
1457640612.851654 5.1
1457640613.854568 5.1
1457640614.852430 5.1
1457640615.852719 5.1
1457640616.853706 5.0
1457640617.852987 5.0
1457640618.852322 5.0
1457640619.854704 4.9
1457640620.852578 4.8
1457640621.851584 4.8
1457640622.854586 4.9
1457640623.852969 4.9
1457640624.851973 5.0
1457640625.854974 4.9
1457640626.852722 4.9
1457640627.856241 4.9
1457640628.854354 4.9
1457640629.853950 4.9
1457640630.856244 4.9
1457640631.855744 4.9
1457640632.853865 4.9
1457640633.856630 4.8
1457640634.854976 4.8
1457640635.859134 4.8
1457640636.857131 4.8
1457640637.856013 4.8
1457640638.858763 4.8
1457640639.856649 4.8
1457640640.856648 4.8
1457640641.859151 4.8
1457640642.857282 4.8
1457640643.857411 4.8
1457640644.858665 4.7
1457640645.856997 4.7
1457640646.861664 4.7
1457640647.859877 4.8
1457640648.858008 4.7
1457640649.861180 4.7
1457640650.860052 4.7
1457640651.858437 4.7
1457640652.861183 4.7
1457640653.860313 4.7
1457640654.857537 4.7
1457640655.862152 4.7
1457640656.860448 4.6
1457640657.862703 4.6
1457640658.861415 4.7
1457640659.860961 4.6
1457640660.864163 4.6
1457640661.862466 4.6
1457640662.860963 4.6
1457640663.863843 4.6
1457640664.862347 4.6
1457640665.864974 4.7
1457640666.863728 4.7
1457640667.862857 4.7
1457640668.866325 4.6
1457640669.864742 4.6
1457640670.866957 4.6
1457640671.866580 4.6
1457640672.865241 4.6
1457640673.867003 4.7
1457640674.865753 4.6
1457640675.864215 4.7
1457640676.867511 4.6
1457640677.867264 4.6
1457640678.869767 4.7
1457640679.868235 4.7
1457640680.867521 4.7
1457640681.870282 4.7
1457640682.868862 4.7
1457640683.871658 4.7
1457640684.870034 4.7
1457640685.869659 4.6
1457640686.871539 4.6
1457640687.869915 4.6
1457640688.874258 4.6
1457640689.872135 4.6
1457640690.871427 4.6
1457640691.873899 4.6
1457640692.872056 4.6
1457640693.870815 4.7
1457640694.874281 4.7
1457640695.872318 4.7
1457640696.876284 4.6
1457640697.873949 4.6
1457640698.873450 4.6
1457640699.876162 4.6
1457640700.873709 4.6
1457640701.877709 4.6
1457640702.876048 4.6
1457640703.875845 4.7
1457640704.878462 4.6
1457640705.876175 4.6
1457640706.879672 4.6
1457640707.877849 4.6
1457640708.881562 4.6
1457640709.879439 4.6
1457640710.878980 4.6
1457640711.881489 4.6
1457640712.879695 4.6
1457640713.883363 4.6
1457640714.881588 4.6
1457640715.884866 4.6
1457640716.883576 4.6
1457640717.882967 4.5
1457640718.884837 4.6
1457640719.884136 4.6
1457640720.886602 4.5
1457640721.886282 4.5
1457640722.890116 4.6
1457640723.887649 4.5
1457640724.887114 4.5
1457640725.888869 4.5
1457640726.888282 4.5
1457640727.891367 4.6
1457640728.890414 4.6
1457640729.892422 4.5
1457640730.891670 4.4
1457640731.894426 4.2
1457640732.892427 4.1
1457640733.896060 4.1
1457640734.894810 4.0
1457640735.898020 3.9
1457640736.896564 3.8
1457640737.896912 3.8
1457640738.898323 3.7
1457640739.898084 3.7
1457640740.899825 3.7
1457640741.898297 3.7
1457640742.901084 3.6
1457640743.899468 3.4
1457640744.902679 3.3
1457640745.900848 3.2
1457640746.905099 3.1
1457640747.902226 3.0
1457640748.903061 3.0
1457640749.904824 2.9
1457640750.904235 2.8
1457640751.906887 2.8
(* 0 missed samples *)
