1457719237.574217 1.8
1457719238.449302 1.8
1457719239.448659 1.8
1457719240.451540 1.8
1457719241.449882 1.9
1457719242.448419 1.9
1457719243.452766 1.9
1457719244.449925 2.0
1457719245.448554 2.0
1457719246.448768 2.0
1457719247.450769 2.0
1457719248.448773 2.0
1457719249.447650 1.9
1457719250.450819 1.9
1457719251.449032 1.9
1457719252.447911 1.9
1457719253.446834 1.9
1457719254.449578 2.0
1457719255.448170 1.9
1457719256.446670 2.0
1457719257.446211 2.0
1457719258.448174 1.9
1457719259.447177 1.9
1457719260.444986 1.9
1457719261.443876 1.9
1457719262.446438 1.9
1457719263.444850 1.9
1457719264.443320 1.9
1457719265.442607 1.9
1457719266.444736 1.9
1457719267.443707 1.8
1457719268.442756 1.8
1457719269.440602 1.8
1457719270.444670 1.8
1457719271.442735 1.8
1457719272.441573 1.9
1457719273.440991 2.2
1457719274.442994 2.5
1457719275.442623 2.8
1457719276.440961 3.0
1457719277.440710 3.2
1457719278.441881 3.5
1457719279.440632 3.6
1457719280.439976 3.7
1457719281.442193 3.9
1457719282.441017 4.0
1457719283.438896 4.1
1457719284.442525 4.2
1457719285.440615 4.2
1457719286.439245 4.3
1457719287.439782 4.4
1457719288.441160 4.4
1457719289.439388 4.4
1457719290.439259 4.5
1457719291.442009 4.5
1457719292.439296 4.6
1457719293.438298 4.5
1457719294.441554 4.6
1457719295.440021 4.6
1457719296.438308 4.7
1457719297.438060 4.6
1457719298.440578 4.6
1457719299.438288 4.7
1457719300.437569 4.6
1457719301.441049 4.6
1457719302.439449 4.7
1457719303.437548 4.6
1457719304.436206 4.7
1457719305.439545 4.7
1457719306.437459 4.7
1457719307.436090 4.8
1457719308.434807 4.6
1457719309.436972 4.3
1457719310.435596 3.9
1457719311.434253 3.7
1457719312.432729 3.5
1457719313.436317 3.3
1457719314.434457 3.1
1457719315.433072 3.0
1457719316.431948 2.8
1457719317.434120 2.7
1457719318.432380 2.6
1457719319.431748 2.5
1457719320.430876 2.4
1457719321.433264 2.3
1457719322.431006 2.3
1457719323.431009 2.2
1457719324.433596 2.2
1457719325.431137 2.1
1457719326.429269 2.1
1457719327.429896 2.0
1457719328.432021 2.0
1457719329.430235 2.0
1457719330.430028 2.0
1457719331.432097 2.0
1457719332.430163 1.9
1457719333.429754 1.9
1457719334.432103 1.9
1457719335.431128 1.9
1457719336.429445 1.9
1457719337.429173 1.9
1457719338.430299 1.9
1457719339.428805 1.9
1457719340.428556 1.9
1457719341.431448 1.9
1457719342.430211 1.8
1457719343.428312 1.8
1457719344.431319 1.8
1457719345.430282 1.9
1457719346.428158 1.8
1457719347.428328 1.9
1457719348.430203 1.8
1457719349.428426 1.8
1457719350.428304 1.8
1457719351.429715 1.8
1457719352.428340 1.8
1457719353.427846 1.9
1457719354.426476 1.8
1457719355.429350 1.9
1457719356.426690 1.8
1457719357.427107 1.8
1457719358.429325 1.8
1457719359.427945 1.8
1457719360.425578 1.8
1457719361.429244 1.9
1457719362.427994 1.8
1457719363.426499 1.9
1457719364.426376 1.8
1457719365.427719 1.8
1457719366.426757 1.8
1457719367.425504 1.8
1457719368.428512 1.8
1457719369.427140 1.8
1457719370.426270 1.8
1457719371.428147 1.8
1457719372.427483 1.9
1457719373.426653 1.8
1457719374.429114 1.9
1457719375.427534 1.8
1457719376.425912 1.8
1457719377.429621 2.1
1457719378.428382 2.5
1457719379.427669 2.8
1457719380.430421 3.0
1457719381.428429 3.2
1457719382.426676 3.5
1457719383.430268 3.6
1457719384.428557 3.7
1457719385.427183 3.8
1457719386.430780 4.0
1457719387.429068 4.1
1457719388.427818 4.2
1457719389.430031 4.2
1457719390.428575 4.3
1457719391.427173 4.4
1457719392.430706 4.5
1457719393.429709 4.4
1457719394.428212 4.5
1457719395.430926 4.5
1457719396.428976 4.6
1457719397.428308 4.5
1457719398.431597 4.6
1457719399.429361 4.6
1457719400.428733 4.6
1457719401.431326 4.7
1457719402.429608 4.7
1457719403.429360 4.7
1457719404.432163 4.7
1457719405.430257 4.7
1457719406.429246 4.7
1457719407.431749 4.6
1457719408.430004 4.7
1457719409.429508 4.7
1457719410.432396 4.7
1457719411.431038 4.8
1457719412.428766 4.7
1457719413.432019 4.7
1457719414.431253 4.7
1457719415.429273 4.8
1457719416.432305 4.7
1457719417.430650 4.7
1457719418.428996 4.7
1457719419.428526 4.7
1457719420.430870 4.7
1457719421.429750 4.7
1457719422.429666 4.7
1457719423.431417 4.6
1457719424.429759 4.6
1457719425.428051 4.5
1457719426.431304 4.3
1457719427.429927 4.1
1457719428.429808 4.1
1457719429.431816 4.2
1457719430.430314 4.3
1457719431.429946 4.4
1457719432.431694 4.4
1457719433.430827 4.4
1457719434.428324 4.2
1457719435.431581 3.9
1457719436.430081 3.7
1457719437.428331 3.4
1457719438.431214 3.2
1457719439.430926 3.1
1457719440.429341 2.9
1457719441.432245 2.8
1457719442.430848 2.6
1457719443.429811 2.6
1457719444.432451 2.5
1457719445.430443 2.4
1457719446.429858 2.3
1457719447.432374 2.2
1457719448.432139 2.2
1457719449.429951 2.2
1457719450.428709 2.1
1457719451.431466 2.1
1457719452.429341 2.0
1457719453.428632 2.0
1457719454.432158 2.0
1457719455.429884 2.0
1457719456.429474 2.0
1457719457.432365 1.9
(* 0 missed samples *)
