1458922759.097456 20.1
1458922760.023920 20.1
1458922761.023549 20.1
1458922762.025963 20.1
1458922763.024300 20.1
1458922764.022961 20.1
1458922765.022586 20.1
1458922766.024709 20.1
1458922767.023461 20.1
1458922768.021461 20.1
1458922769.020553 20.1
1458922770.024426 20.1
1458922771.022715 20.1
1458922772.021466 20.1
1458922773.020097 20.1
1458922774.018727 20.1
1458922775.021185 20.1
1458922776.019828 20.1
1458922777.017690 20.1
1458922778.016696 20.1
1458922779.019741 20.2
1458922780.018946 20.2
1458922781.017360 20.1
1458922782.015197 20.1
1458922783.014486 20.1
1458922784.017985 20.2
1458922785.015709 20.2
1458922786.014204 20.2
1458922787.012240 20.2
1458922788.012797 20.1
1458922789.014244 20.2
1458922790.012707 20.2
1458922791.011470 20.1
1458922792.009764 20.1
1458922793.009252 20.1
1458922794.011721 20.1
1458922795.011006 20.2
1458922796.008758 20.2
1458922797.008097 20.1
1458922798.006989 20.2
1458922799.008888 20.2
1458922800.007277 20.1
1458922801.007112 20.1
1458922802.005649 20.1
1458922803.005269 20.2
1458922804.006611 20.2
1458922805.005363 20.1
1458922806.004025 20.2
1458922807.002030 20.2
1458922808.005030 20.2
1458922809.004614 20.1
1458922810.002121 20.1
1458922811.000669 20.1
1458922812.001015 20.1
1458922813.003413 20.1
1458922814.001916 20.1
1458922814.999719 20.1
1458922815.998293 20.1
1458922816.997639 20.1
1458922818.000300 20.2
1458922818.998391 20.2
1458922819.996677 20.2
1458922820.995309 20.2
1458922821.995560 20.1
1458922822.997778 20.1
1458922823.996187 20.2
1458922824.994060 20.2
1458922825.992936 20.2
1458922826.992441 20.2
1458922827.994914 20.2
1458922828.993659 20.1
1458922829.992569 20.1
1458922830.990827 20.2
1458922831.993579 20.2
1458922832.992576 20.2
1458922833.990332 20.2
1458922834.990045 20.1
1458922835.988673 20.1
1458922836.991212 20.2
1458922837.989460 20.2
1458922838.987843 20.2
1458922839.987804 20.2
1458922840.989817 20.2
1458922841.988218 20.2
1458922842.986437 20.1
1458922843.985314 20.2
1458922844.985598 20.2
1458922845.987601 20.2
1458922846.985943 20.2
1458922847.983609 20.2
1458922848.983731 20.2
1458922849.986322 20.2
(* 0 missed samples *)
